21122
10100
11222
22210
20112

_____________
12233
21201
20333
31321
31023

_____________
23244
31322
31241
42132
42224

_____________
23202
31001
11241
22022
42224

_____________
31223
42112
12322
33112
53335

_____________
31220
02112
12321
30122
53330

_____________
31220
02110
22121
10110
53330

_____________
42301
13221
33232
00221
02041

_____________
53412
23332
44343
31312
11152

_____________
03412
21312
44141
32312
11052

_____________
01412
22212
44212
32012
11112

_____________
02522
22323
51323
43121
22013

_____________
02000
22322
51321
41120
22013

_____________
13111
32133
62232
52131
00220

_____________
13111
31110
62222
50131
00220

_____________
20220
42201
71313
21242
11121

_____________
20210
42210
11311
21222
11121

_____________
31121
13321
21422
32321
22222

_____________
42111
24432
32533
42432
33233

_____________
42212
24432
32533
42032
03213

_____________
42212
22432
31513
02112
23210

_____________
23223
31523
02620
12223
34211

_____________
24334
32634
33731
21331
41322

_____________
22334
22602
33211
21332
21322

_____________
22234
20602
33111
21202
21301

_____________
33305
31710
41021
32311
32110

_____________
33325
30710
41201
00311
32110

_____________
44406
41822
51102
11122
43220

_____________
14401
41820
52102
11022
43212

_____________
25512
20910
03213
22233
50323

_____________
25511
20910
22111
21232
50323

_____________
16222
31101
32221
32043
61004

_____________
27131
42212
23232
33124
72115

_____________
27131
02211
23132
23124
72112

_____________
27130
11212
22120
23104
12112

_____________
38140
22323
31210
34225
23223

_____________
08140
22323
31210
30211
23023

_____________
19212
33234
42320
40320
34022

_____________
10212
30221
42322
40321
14022

_____________
11322
21331
53433
52412
15133

_____________
21433
31412
61544
63513
22242

_____________
11433
32212
11524
63213
20242

_____________
02433
22212
11024
60213
20222

_____________
12114
03323
22121
71124
21333

_____________
12214
23323
20221
71024
21331

_____________
23025
34412
31332
20125
32142

_____________
22000
31012
31332
10125
32142

_____________
33201
12103
42243
21202
41203

_____________
